
strategic_region={
	id=1
	name="STRATEGICREGION_1"
	provinces={
		37 116 123 192 223 361 454 477 486 492 493 518 527 580 654 734 813 892 917 957 974 1002 1083 1104 1124 1141 1179 1218 1289 1310 1318 1434 1466 1478 1507 1560 1612 1653 1854 1876 1889 1899 1966 1983 1987 2071 2116 2229 2230 2344 2382 2470 2523 2549 2563 2650 3062 3206 3260 3368 3394 3395 3405 3410 3418 3426 3427 3436 3441 3442 3451 3452 3457 3459 3466 3474 3484 3488 3491 3492 3495 3496 3510 3511 3512 3513 3516 3517 3524 3525 3542 3543 3546 3547 3549 3559 3563 3576 3577 3578 3585 3589 3590 3593 3600 3607 3614 3617 3622 3623 3624 3638 3642 3643 3653 3654 3657 3667 3673 3686 3689 3690 3717 3753 3759 3762 3770 3795 3804 3827 3828 3840 3863 3896 3901 3909 4377 7160 
	}
	weather={
	}
}
