
strategic_region={
	id=3
	name="STRATEGICREGION_3"
	provinces={
		23 56 122 181 192 215 353 363 386 403 493 533 613 618 620 622 642 673 845 946 974 1000 1002 1039 1104 1123 1141 1179 1185 1357 1406 1411 1443 1471 1478 1560 1577 1612 1653 1708 1803 1852 1854 1899 1940 1948 1968 2019 2071 2152 2286 2498 2523 2549 2626 2902 3341 3406 3599 3606 3613 3627 3634 3637 3641 3643 3645 3649 3656 3673 3676 3685 3688 3695 3707 3726 3731 3749 3753 3757 3758 3759 3762 3770 3773 3780 3786 3787 3788 3795 3798 3804 3808 3809 3818 3819 3826 3827 3828 3835 3840 3852 3853 3858 3863 3895 3896 3901 3909 3925 3930 4021 5403 5814 7148 7152 7155 7160 7194 7202 7203 7204 7210 7216 7218 7221 7222 7224 
	}
	weather={
	}
}
