
strategic_region={
	id=4
	name="STRATEGICREGION_4"
	provinces={
		43 109 113 134 225 235 259 340 350 367 408 419 460 484 510 549 573 693 824 871 884 901 910 976 991 1028 1094 1120 1127 1129 1130 1169 1206 1264 1271 1303 1516 1557 1580 1593 1618 1623 1635 1661 1673 1795 1813 1819 1831 1869 1893 1937 1955 1991 2033 2059 2078 2130 2132 2173 2179 2233 2258 2313 2348 2397 2484 2497 2569 2604 2667 2705 2716 2786 2798 2801 2874 2893 2905 2907 2916 2924 2956 2969 2995 3019 3022 3032 3090 3134 3153 3320 3324 3552 3567 3571 3626 3633 3651 3661 3684 3698 3724 3725 3729 3752 3756 3764 3794 3802 3815 3817 3831 3832 3842 3849 3866 3883 3884 3887 3888 3894 3899 3908 3929 3936 3937 3943 3949 3956 3966 3968 3969 3973 3974 3979 3996 4000 4008 4010 4011 4012 4014 4019 4020 4039 4043 4046 4047 4048 4049 4053 4061 4068 4077 4086 4087 4097 4101 4115 4117 4125 4133 4136 4137 4138 4145 4148 4152 4155 4171 4172 4180 4184 4185 4189 4193 4202 4205 4212 4219 4229 4230 4232 4245 4257 4264 4269 4277 4278 4279 4295 4296 4300 4308 4311 4312 4320 4332 4348 4361 4370 4376 4381 4391 4394 4399 4400 4416 4428 7136 7140 7141 7144 7147 7149 7150 7151 7153 7154 7156 7157 7158 7162 
	}
	weather={
	}
}
