
strategic_region={
	id=42
	name="STRATEGICREGION_42"
	provinces={
		7239 7267 7323 7354 7464 7493 7564 7568 7576 7594 7651 7660 7678 7693 7702 7717 7722 7747 7768 7783 7804 7825 7835 7840 7849 7879 7888 7891 7916 7954 7969 7972 7980 8018 8031 8032 8060 8066 8084 8088 8150 8227 8233 8252 8254 8395 8411 8427 8430 8443 8471 8551 8583 8593 8618 8634 8694 8696 8698 8717 8745 8768 8775 8778 8791 8804 8817 8832 8882 8909 8915 8934 8941 8992 8999 9010 9056 9080 9101 9104 9113 9155 9157 9213 9236 9257 9287 9297 9343 9397 9422 9440 9461 9520 9526 9572 9592 9608 9682 9708 9758 9761 9802 9808 9824 9905 9942 9998 9999 10077 10094 10132 10133 10209 10235 10269 10274 10359 10375 10393 10395 10396 10402 10414 10417 10427 10431 10443 10461 10498 10502 
	}
	weather={
	}
}
