
strategic_region={
	id=5
	name="STRATEGICREGION_5"
	provinces={
		4 16 19 108 141 190 240 404 490 526 544 556 664 753 773 794 827 846 883 912 919 925 989 1053 1136 1330 1335 1376 1381 1435 1476 1531 1535 1554 1835 1885 1926 1950 1995 2104 2167 2237 2281 2302 2372 2426 2430 2527 2541 2547 2566 2670 2830 2837 2864 2888 2894 2917 2975 2989 3000 3055 3196 3231 3265 3711 3719 3740 3745 3754 3766 3771 3774 3781 3782 3789 3805 3810 3820 3822 3823 3833 3850 3864 3875 3876 3879 3885 3889 3911 3912 3915 3918 3923 3926 3944 3950 3952 3967 3970 3971 3975 3982 3989 3990 3997 4002 4003 4004 4005 4009 4013 4026 4030 4040 4044 4054 4062 4069 4082 4091 4092 4093 4098 4102 4109 4110 4118 4131 4134 4135 4142 4143 4160 4165 4166 4173 4190 4203 4204 4206 4226 4247 4259 4260 4302 4303 7179 7182 
	}
	weather={
	}
}
