
strategic_region={
	id=6
	name="STRATEGICREGION_6"
	provinces={
		30 145 146 147 148 157 185 217 218 231 241 248 294 338 354 355 412 426 576 579 608 636 663 700 770 802 838 840 858 899 916 932 965 977 979 1016 1087 1110 1186 1189 1269 1292 1344 1392 1395 1439 1575 1598 1619 1636 1658 1666 1739 1766 1793 1866 1954 1961 1992 2013 2040 2043 2140 2276 2290 2308 2456 2617 2623 2631 2686 2697 2711 2721 2750 2788 2794 2799 2816 2866 2957 2992 3004 3058 3087 3234 3239 3282 3291 4199 4231 4239 4246 4248 4258 4270 4282 4285 4286 4297 4301 4328 4350 4352 4368 4384 4385 4395 4410 4432 4435 4449 4454 4506 4507 4512 4522 4527 4528 4534 4548 4564 4571 4577 4578 4584 4587 4600 4606 4611 4623 4643 4647 4655 4667 4669 4681 4712 4716 4725 4730 4742 4748 4753 4760 4763 4768 4784 4785 4790 4795 4807 4808 4823 4842 4856 4857 4946 4973 5021 5060 5075 5084 5085 5108 5140 5153 5196 5211 5213 5222 5229 5258 5259 5279 5294 5324 5639 5749 5909 6453 6550 7161 9773 9773 9882 9882 10803 10803 
	}
	weather={
	}
}
