
strategic_region={
	id=8
	name="STRATEGICREGION_8"
	provinces={
		53 81 88 91 95 114 127 175 226 318 362 372 375 379 399 475 529 552 599 643 649 695 707 768 808 829 839 881 897 909 949 956 964 987 990 998 1022 1062 1063 1069 1074 1118 1143 1145 1157 1161 1173 1214 1219 1291 1309 1325 1338 1339 1373 1394 1398 1409 1456 1463 1481 1492 1493 1495 1510 1540 1545 1641 1652 1683 1689 1714 1727 1750 1759 1762 1799 1824 1839 1878 1908 1910 1924 1930 1935 1941 1962 2002 2007 2010 2018 2057 2058 2163 2226 2228 2274 2292 2311 2315 2328 2353 2366 2375 2380 2384 2427 2442 2445 2483 2492 2502 2513 2514 2526 2581 2601 2603 2608 2609 2632 2644 2652 2674 2677 2706 2760 2762 2782 2820 2821 2824 2843 2844 2850 2852 2861 2876 2885 2886 2898 2978 2980 3012 3024 3025 3026 3030 3085 3106 3131 3132 3133 3141 3156 3167 3173 3183 3187 3229 3304 3334 6236 6240 6252 6259 6267 6272 6273 6282 6297 6302 6314 6319 6320 6325 6326 6328 6342 6345 6351 6358 6363 6374 6376 6377 6381 6382 6386 6389 6394 6395 6399 6400 6401 6403 6404 6405 6406 6409 6410 6411 6412 6413 6417 6418 6420 6421 6422 6428 6429 6430 6435 6440 6441 6444 6445 6449 6450 6451 6456 6457 6458 6461 6462 6465 6471 6472 6474 6476 6477 6480 6481 6486 6487 6488 6492 6493 6495 6499 6500 6504 6505 6506 6507 6508 6509 6510 6511 6512 6513 6514 6515 6517 6521 6522 6525 6526 6527 6529 6532 6533 6535 6536 6545 6549 6551 6552 6556 6557 6558 6563 6566 6569 6570 6571 6572 6574 6577 6582 6584 6588 6589 6594 6596 6597 6598 6600 6601 6605 6606 6607 6611 6612 6615 6619 6620 6623 6625 6628 6632 6635 6639 6640 6641 6646 6648 6650 6651 6655 6661 6667 6669 6675 6676 6682 6688 6692 6695 6698 6702 6703 6704 6713 6714 6715 6721 6727 6728 6732 6735 6743 6746 6749 6761 6764 6769 6779 6782 6783 6785 6787 6802 
	}
	weather={
	}
}
