
strategic_region={
	id=92
	name="STRATEGICREGION_92"
	provinces={
		89 101 118 139 170 197 244 261 268 282 298 313 370 427 449 604 609 714 767 778 787 994 1017 1077 1121 1149 1164 1172 1187 1248 1300 1416 1469 1477 1485 1487 1541 1582 1605 1613 1647 1670 1671 1693 1717 1806 1841 1879 1927 2039 2091 2199 2246 2304 2343 2435 2507 2573 2649 2818 2855 2913 2927 2954 3039 3040 3144 3151 3160 3216 3391 3397 3401 3403 3404 3417 3421 3422 3440 3462 3463 3468 3478 3486 3497 3509 3519 3540 3550 3562 3570 3584 3604 3609 3610 3611 3619 3621 3630 3635 3646 3647 3648 3650 3668 3671 3674 3675 3679 3680 3683 3687 3697 3705 3709 3714 3730 3736 3742 3747 3748 3765 3772 3791 3812 3837 3844 3845 3860 3861 3897 3903 3920 3940 3954 3961 4556 4880 4942 6950 7005 7037 
	}
	weather={
	}
}
