
strategic_region={
	id=25
	name="STRATEGICREGION_25"
	provinces={
		33 93 138 306 389 461 758 793 803 1162 1265 1316 1729 1825 2123 2351 2576 2627 2647 2719 2735 2746 2802 2976 3043 3059 3077 3120 3227 3326 4789 4799 4816 4834 4835 4873 4910 4917 4964 4971 5065 5072 5129 5130 5139 5151 5159 5167 5191 5207 5266 5306 5318 5331 5356 5362 5363 5367 5368 5421 5425 5439 5440 5447 5455 5457 5463 5464 5493 5558 5650 5665 5687 5702 5729 5883 5970 6052 6098 6106 6165 6174 6189 6228 6257 6258 6295 6313 6323 7542 8020 8524 8681 8704 8835 9188 9269 9270 9392 9507 9584 9617 9706 9727 9874 9888 9962 10174 10203 10486 10521 10533 10535 10546 10553 10565 
	}
	weather={
	}
}
