
strategic_region={
	id=39
	name="STRATEGICREGION_39"
	provinces={
		98 439 612 804 869 873 913 1205 1358 1603 1625 1770 1777 1816 1833 2030 2156 2288 2606 3041 3069 3119 3125 3158 3272 3281 4830 4868 5121 5132 5160 5188 5189 5208 5226 5445 5483 5494 5497 5591 5608 5627 5692 5705 5733 5742 5764 5774 5813 5854 5880 5912 5931 5938 5960 5966 5981 5987 6034 6040 6056 6349 6385 6402 6468 8079 8469 8561 8650 8759 9033 9046 9159 9170 9175 9220 9358 9425 9594 9640 9791 9792 9938 10038 10149 10154 10259 10544 10569 10582 10596 10615 10630 
	}
	weather={
	}
}
