
strategic_region={
	id=51
	name="STRATEGICREGION_51"
	provinces={
		441 514 905 1159 1501 1919 2946 3052 4878 4926 4927 4980 4994 5044 5090 5100 5123 5145 7190 7193 7197 7200 7240 7247 7436 7490 7491 7638 7653 7661 7709 7771 7863 7884 7942 7964 7981 8105 8145 8180 8321 8382 8389 8457 8504 8575 8622 8660 8662 8679 8709 8716 8723 8781 8822 8830 8863 8872 8881 8912 9039 9054 9079 9116 9128 9143 9148 9150 9168 9212 9219 9252 9289 9304 9311 9336 9361 9435 9445 9450 9483 9486 9504 9564 9569 9575 9595 9598 9606 9625 9639 9653 9659 9665 9702 9742 9749 9760 9805 9807 9855 9869 9908 9926 9978 9993 10001 10048 10054 10056 10106 10162 10187 10205 10207 10481 10483 10484 10500 10503 10508 10512 10522 10523 10536 10543 10552 10554 10557 10566 10583 10584 10587 10589 10595 10601 10608 10612 
	}
	weather={
	}
}
