
strategic_region={
	id=53
	name="STRATEGICREGION_53"
	provinces={
		1903 4238 4281 4390 4741 4767 4781 7163 7164 7165 7166 7167 7168 7171 7173 7174 7175 7181 7184 7273 7349 7478 7549 7560 7664 7680 7707 8027 8082 8237 8329 8554 8599 8604 8688 8777 8789 8798 8831 8883 8888 8910 8919 8932 8963 8982 9034 9102 9106 9156 9183 9217 9274 9308 9390 9409 9537 9541 9560 9602 9604 9623 9637 9679 9707 9751 9801 9819 9847 9946 9963 9989 10005 10145 10165 10241 10420 10425 10428 10432 10435 10436 10438 10441 10442 10445 10446 10448 10451 10454 10462 10476 10477 10488 10489 10493 10501 10506 10507 10510 10530 10531 
	}
	weather={
	}
}
