
strategic_region={
	id=69
	name="STRATEGICREGION_69"
	provinces={
		7257 7260 7263 7318 7344 7358 7382 7405 7446 7448 7450 7453 7462 7484 7494 7523 7561 7583 7587 7606 7619 7640 7726 7736 7753 7833 7844 7848 7928 7938 7987 7992 8034 8037 8040 8043 8059 8065 8080 8132 8159 8188 8197 8200 8265 8288 8301 8325 8363 8383 8441 8447 8477 8494 8496 8542 8555 8636 8670 8760 8825 8859 8866 8902 8914 8935 8968 9044 9074 9075 9149 9152 9174 9276 9278 9322 9372 9389 9419 9559 9561 9596 9672 9691 9701 9720 9741 9787 9797 9816 9879 9890 10018 10112 10123 10139 10236 10308 10310 10312 10327 10328 10346 10358 10363 10383 10394 10399 
	}
	weather={
	}
}
