
strategic_region={
	id=79
	name="STRATEGICREGION_79"
	provinces={
		3 129 239 474 558 646 748 783 830 894 906 926 1040 1041 1060 1329 1374 1875 1917 1942 1949 2119 2239 2319 2404 2425 2661 2723 2780 2814 2829 2938 3112 3290 3294 3313 4486 4529 4896 5049 5062 5080 5081 5103 5115 5135 5166 5173 5180 5183 5201 5205 5221 5232 5233 5252 5261 5276 5288 5314 5315 5322 5330 5334 5349 5355 5375 5376 5379 5380 5385 5400 5434 5465 5531 5546 5589 5726 5748 5969 6081 7191 7192 7195 7196 10812 
	}
	weather={
	}
}
