
strategic_region={
	id=81
	name="STRATEGICREGION_81"
	provinces={
		159 161 164 278 341 377 380 481 555 590 619 706 723 761 779 876 1043 1275 1561 1594 1600 1686 1704 1784 1836 1923 1953 1970 1986 2109 2161 2245 2252 2257 2270 2327 2357 2530 2531 2619 2657 2708 2727 2767 2897 2942 3107 3177 3258 4140 4158 4170 4175 4181 4188 4210 4211 4215 4236 4250 4251 4252 4256 4262 4265 4284 4287 4299 4319 4324 4325 4330 4336 4337 4338 4339 4344 4351 4360 4363 4364 4374 4379 4398 4408 4419 4420 4423 4424 4426 4443 4444 4450 4451 4465 4471 4482 4504 4536 4558 4993 5263 5264 5307 5336 5402 6063 6299 
	}
	weather={
	}
}
