
strategic_region={
	id=90
	name="STRATEGICREGION_90"
	provinces={
		111 153 165 169 209 254 262 276 290 430 435 561 668 712 722 736 737 762 801 815 817 882 889 904 935 952 960 1001 1035 1099 1171 1182 1249 1317 1428 1438 1763 1918 1998 2021 2035 2047 2079 2088 2089 2263 2267 2272 2381 2446 2448 2495 2510 2542 2558 2638 2739 2809 2858 2892 2968 3006 3048 3163 3215 3268 3284 3323 3348 3493 3515 3541 3544 3564 3565 3592 3596 3597 3605 3612 3631 3636 3660 3663 3664 3694 3700 3706 3715 3723 3728 3733 3734 3737 3741 3750 3751 3761 3763 3767 3768 3777 3778 3785 3792 3796 3799 3800 3807 3829 3838 3848 3851 3857 3874 3882 3913 3921 3922 3931 3947 3962 3964 3981 3984 3994 3998 4016 4029 4221 4293 4347 4366 4468 4479 6573 7137 7138 7139 7142 7143 7145 7146 
	}
	weather={
	}
}
