
state={
	id=173
	name="STATE_173"

	history={
		owner = NIK
		add_core_of = NIK
		buildings = {
			infrastructure = 1

		}

	}

	provinces={
		201 421 479 521 637 835 887 950 1158 1199 1345 1359 1414 1562 1590 1655 1804 1936 1964 2032 2073 2135 2210 2307 2376 2462 2639 2640 2642 2880 3306 6806 6815 6839 6862 6864 6865 6877 6892 6901 6912 6915 6934 6936 6948 6949 6963 6973 6974 6976 6977 6988 7000 7004 7013 7028 7042 7044 7053 7061 7063 7065 7075 7080 7226 
	}
	manpower=180545
	buildings_max_level_factor=1.000
	state_category=pastoral
}
