
state={
	id=236
	name="STATE_236"
	provinces={
		213 230 291 321 344 356 393 418 476 502 509 640 731 870 940 1047 1191 1192 1786 2053 2064 2106 2168 2299 2364 2433 2476 2505 2803 2810 2819 2908 3009 3181 3783 3801 3806 3814 3841 3843 3859 3871 3872 3877 3890 3910 3916 3924 3951 3957 3987 4027 4032 4035 4055 4070 4073 4074 4079 4103 4107 4144 4167 4191 4200 4208 4234 4240 4266 4315 
	}
	history={
		owner = IRI
		add_core_of = IRI
		buildings = {
			infrastructure = 1

		}

	}
	manpower=180545
	buildings_max_level_factor=1.000
	state_category=pastoral
}
