
state={
	id=246
	name="STATE_246"

	history={
		owner = IRI
		add_core_of = IRI
		buildings = {
			infrastructure = 1

		}

	}

	provinces={
		304 396 624 711 903 1112 1160 1239 1286 1322 1574 1609 1979 2029 2051 2150 2180 2383 2405 2410 2466 2471 2689 2919 2953 3023 3203 3205 3316 3318 3353 3354 3991 4240 4266 4305 4306 4314 4315 4334 4354 4372 4386 4387 4396 4405 4430 4452 4458 4459 4476 4481 4491 4497 4501 4513 4518 4523 4549 4572 4576 4610 4642 4722 5028 5283 
	}
	manpower=180545
	buildings_max_level_factor=1.000
	state_category=pastoral
}
