
state={
	id=314
	name="STATE_314"

	history={
		owner = IRI
		add_core_of = IRI
		buildings = {
			infrastructure = 1

		}

	}

	provinces={
		77 163 392 410 682 718 729 885 890 908 936 1019 1061 1113 1238 1315 1320 1361 1422 1627 1751 1895 1896 2474 2535 2668 2831 3015 3322 4968 4983 4997 5015 5040 5057 5068 5093 5094 5128 5172 5178 5186 5199 5217 5230 5239 5240 5281 5291 5296 5312 5329 5341 5360 5374 5396 5397 5429 5433 
	}
	manpower=180545
	buildings_max_level_factor=1.000
	state_category=pastoral
}
