
state={
	id=343
	name="STATE_343"
	provinces={
		3 57 72 86 87 204 239 357 364 376 545 558 632 646 702 766 783 852 894 906 1154 1267 1304 1311 1424 1450 1465 1486 1543 1549 1597 1663 1679 1732 1735 1792 1821 1823 1921 1945 1949 2061 2086 2213 2239 2301 2391 2407 2421 2599 2629 2680 2730 2758 2840 2938 2994 3016 3082 3112 3121 3236 3261 3331 5349 5379 5385 5434 5507 5512 5531 5545 5546 5563 5582 5589 5597 5637 5653 5669 5684 5685 5696 5724 5730 5737 5753 5759 5775 5785 5795 5811 5910 5922 5944 5961 5962 5979 6006 6007 6049 6053 6054 6093 6094 6124 6131 6132 6158 6203 6229 6250 6346 7219 
	}
	history={
		owner = IRI
		add_core_of = IRI
		buildings = {
			infrastructure = 1

		}

	}
	manpower=180545
	buildings_max_level_factor=1.000
	state_category=pastoral
}
